141.193210
97.042540
151.581610
94.445440
120.416430
104.833840
123.013530
151.581610
148.984510
143.790310
161.970000
190.538080
125.610620
167.164200
146.387410
141.193210
89.251250
68.474460
125.610620
164.567100
115.222230
154.178710
146.387410
159.372900
180.149690
130.804820
148.984510
143.790310
195.732280
224.300360
177.552590
151.581610
154.178710
159.372900
143.790310
68.474460
151.581610
156.775810
211.314870
112.625130
159.372900
169.761300
130.804820
161.970000
146.387410
146.387410
123.013530
193.135180
156.775810
172.358400
172.358400
206.120680
143.790310
135.999020
123.013530
143.790310
224.300360
107.430930
169.761300
91.848340
187.940990
115.222230
164.567100
151.581610
115.222230
135.999020
138.596120
115.222230
138.596120
154.178710
133.401920
161.970000
203.523580
143.790310
141.193210
138.596120
154.178710
130.804820
156.775810
117.819330
161.970000
167.164200
120.416430
138.596120
125.610620
161.970000
159.372900
151.581610
169.761300
185.343890
193.135180
187.940990
141.193210
135.999020
146.387410
172.358400
161.970000
138.596120
138.596120
229.494560
169.761300
91.848340
120.416430
195.732280
125.610620
148.984510
195.732280
141.193210
146.387410
193.135180
154.178710
